-0.009286793675562177, 0.0008019222974931101
-0.007547274642379448, 0.001472217397178524
-0.004815134051312758, 0.0024630884141047665
-0.005565921617628672, 0.0019385096404379298
-0.0030736699726214567, 0.003220813309401327
-0.00009386025346089233, 0.004269970856735
-0.0010923169478706807, 0.0036871055526607327
0.0028859494656996443, 0.005319128404068688
0.0018874927712898837, 0.004736263099994406
0.005865759184860153, 0.006368285951402361
0.00486730249045042, 0.005785420647328093
0.008845568904020717, 0.007417443498736034
0.007847112209610985, 0.006834578194661767
0.011571874358561662, 0.008146025128828865
0.013311393391744364, 0.00881632022851428
0.0162912031109049, 0.009865477775847953
0.01529274641649514, 0.009282612471773685
0.019271012830065437, 0.01091463532318164
0.018272556135655704, 0.010331770019107359
0.021997318284606382, 0.011643216953274457
0.023736837317789083, 0.012313512052959871
0.02646314277233003, 0.013042093683052702
0.028202661805512702, 0.013712388782738116
0.030928967260053675, 0.014440970412830934
0.032668486293236376, 0.015111265512516348
0.03539479174777729, 0.01583984714260918
0.037134310780959995, 0.016510142242294593
0.03986256128100951, 0.017326153667998556
0.039107883623676454, 0.016626715303109427
0.04308615003724672, 0.01825873815451738
0.04208769334283699, 0.017675872850443114
0.04581440053729624, 0.019074749580221345
0.04903798929353345, 0.020007334066740184
0.04803953259912372, 0.019424468762665903
0.05176623979358297, 0.020823345492444148
0.05498982854982018, 0.021755929978962973
0.05399137185541045, 0.021173064674888706
0.057718079049869725, 0.02257194140466695
0.05696340139253664, 0.02187250303977782
0.06069010858699589, 0.023271379769556066
0.0639136973432331, 0.024203964256074892
0.06291524064882337, 0.023621098952000624
0.06664194784328265, 0.025019975681778855
0.06961397738040881, 0.025719414046667985
0.07283756613664599, 0.026651998533186796
0.07183910944223626, 0.026069133229112543
0.07556581663669554, 0.027468009958890774
0.07481113897936248, 0.02676857159400166
0.07853784617382176, 0.028167448323779903
0.08150987571094792, 0.02886688668866902
0.0847334644671851, 0.029799471175187844
0.08373500777277537, 0.029216605871113577
0.08770549400431132, 0.03049890954007696
0.08670703730990154, 0.029916044236002692
0.09043374450436087, 0.03131492096578094
0.08967906684702776, 0.030615482600891808
0.09340577404148698, 0.03201435933067005
0.0963778035786132, 0.03271379769555917
0.09934983311573942, 0.033413236060448284
0.10232186265286558, 0.034112674425337414
0.10529389218999174, 0.03481211279022653
0.10826592172711791, 0.035511551155115645
0.11123795126424413, 0.03621098952000476
0.11420998080137035, 0.03691042788489389
0.11718201033849646, 0.037609866249783006
0.12015403987562268, 0.03830930461467212
0.12312606941274884, 0.03900874297956124
0.12609809894987506, 0.039708181344450366
0.12907012848700122, 0.04040761970933948
0.1320421580241274, 0.0411070580742286
0.13525796659833023, 0.041689923378302865
0.13798232700736263, 0.042331075212784564
0.1372315394410467, 0.04180649643911771
0.1409504664534716, 0.0428556539864514
0.14392249599059775, 0.043555092351340516
0.14689452552772397, 0.04425453071622963
0.1498665550648502, 0.04495396908111876
0.1528346945109592, 0.0454785478547856
0.1520839069446433, 0.04495396908111876
0.15580283395706812, 0.046003126628452434
0.15877486349419434, 0.04670256499334155
0.16199067206839718, 0.04728543029741582
0.16471114238641238, 0.04775172254067524
0.16768317192353854, 0.04845116090556435
0.17089898049774138, 0.04903402620963861
0.17361945081575658, 0.049500318452898026
0.17659148035288275, 0.05019975681778715
0.1795596197989917, 0.050724335591453985
0.18252775924510073, 0.05124891436512083
0.18549978878222695, 0.051948352730009945
0.18846403813731877, 0.0522980719124545
0.19143606767444493, 0.052997510277343625
0.1944042071205539, 0.05352208905101046
0.19365341955423804, 0.052997510277343625
0.19737234656666292, 0.054046667824677305
0.20034048601277193, 0.05457124659834414
0.19958969844645602, 0.054046667824677305
0.2033086254588809, 0.05509582537201098
0.20627287481397277, 0.05544554455445554
0.20924490435109894, 0.05614498291934466
0.2122091537061908, 0.05649470210178922
0.21518118324331692, 0.05719414046667834
0.21814543259840874, 0.0575438596491229
0.22111357204451776, 0.058068438422789734
0.22408171149062678, 0.05859301719645658
0.2270459608457186, 0.058942736378901135
0.23001410029182762, 0.05946731515256798
0.23298223973793664, 0.059991893926234816
0.23594648909302846, 0.06034161310867937
0.23891462853913742, 0.06086619188234621
0.24188276798524644, 0.061390770656013054
0.24484701734033826, 0.06174048983845761
0.24781515678644728, 0.062265068612124455
0.2507832962325563, 0.06278964738579129
0.25374754558764806, 0.06313936656823585
0.25671179494273993, 0.06348908575068041
0.25967993438884895, 0.06401366452434726
0.2626441837439408, 0.06436338370679182
0.26561037814454114, 0.0648005326848475
0.26857657254514156, 0.06523768166290321
0.2715408219002334, 0.06558740084534777
0.27450701630083385, 0.06602454982340347
0.2774732107014342, 0.06646169880145916
0.28043746005652603, 0.06681141798390372
0.28340170941161785, 0.06716113716634828
0.28636790381221827, 0.06759828614440398
0.2893340982128187, 0.06803543512245969
0.2922983475679105, 0.06838515430490424
0.29526259692300233, 0.0687348734873488
0.2982268462780942, 0.06908459266979336
0.30119109563318597, 0.06943431185223792
0.3041553449882778, 0.06978403103468248
0.3071195943433696, 0.07013375021712703
0.3100838436984615, 0.07048346939957159
0.31304809305355324, 0.07083318858201616
0.31601234240864506, 0.07118290776446072
0.3189765917637369, 0.07153262694690528
0.3219388960733201, 0.07179491633373869
0.324903145428412, 0.07214463551618326
0.32786739478350374, 0.07249435469862782
0.33082969909308707, 0.07275664408546123
0.33379394844817883, 0.07310636326790579
0.3367581978032707, 0.07345608245035036
0.33972050211285393, 0.07371837183718377
0.3426847514679458, 0.07406809101962833
0.3456470557775289, 0.07433038040646175
0.34860936008711213, 0.07459266979329518
0.35157166439669546, 0.07485495918012859
0.3545359137517872, 0.07520467836257316
0.35749821806137044, 0.07546696774940657
0.3604605223709538, 0.07572925713623999
0.363422826680537, 0.07599154652307341
0.3663851309901202, 0.07625383590990684
0.3693474352997033, 0.07651612529674026
0.37230973960928665, 0.07677841468357367
0.37527204391886987, 0.07704070407040708
0.3782343482284531, 0.07730299345724051
0.3811966525380363, 0.07756528284407394
0.384157011802111, 0.07774014243529621
0.3871193161116942, 0.07800243182212963
0.39008162042127753, 0.07826472120896305
0.393041979685352, 0.07843958080018533
0.3960042839949353, 0.07870187018701874
0.39896658830451853, 0.07896415957385217
0.4019269475685932, 0.07913901916507446
0.4048892518781764, 0.07940130855190787
0.40784766609674244, 0.07948873834751902
0.4108099704063258, 0.07975102773435243
0.413772274715909, 0.08001331712118584
0.4167306889344749, 0.08010074691679699
0.41969299324405823, 0.08036303630363041
0.4226533525081328, 0.08053789589485269
0.42561371177220747, 0.08071275548607497
0.42857407103628214, 0.08088761507729725
0.43153637534586536, 0.08114990446413067
0.4344947895644315, 0.0812373342597418
0.4374570938740147, 0.08149962364657523
0.44041550809258073, 0.08158705344218636
0.4433758673566553, 0.08176191303340864
0.44633622662072997, 0.08193677262463092
0.44929658588480464, 0.0821116322158532
0.45225500010337066, 0.08219906201146435
0.4552173044129539, 0.08246135139829777
0.45817571863152, 0.0825487811939089
0.4611360778955947, 0.08272364078513118
0.46409643715966936, 0.08289850037635346
0.46705485137823527, 0.08298593017196461
0.47001521064230994, 0.08316078976318689
0.4729755699063846, 0.08333564935440917
0.4759359291704592, 0.08351050894563145
0.4788943433890253, 0.08359793874124258
0.48185275760759133, 0.08368536853685372
0.48481506191717455, 0.08394765792368714
0.4877734761357407, 0.08403508771929828
0.49073383539981524, 0.08420994731052056
0.49369224961838126, 0.0842973771061317
0.4966506638369474, 0.08438480690174284
0.49961102310102196, 0.08455966649296512
0.5025694373195881, 0.08464709628857627
0.5055297965836627, 0.08482195587979854
0.5084901558477373, 0.08499681547102082
0.5114485700663034, 0.08508424526663197
0.514408929330378, 0.08525910485785423
0.5173673435489441, 0.08534653465346538
0.5203238127220016, 0.08534653465346538
0.5232861170315848, 0.08560882404029879
0.5262445312501509, 0.08569625383590994
0.5292029454687168, 0.08578368363152108
0.532161359687283, 0.08587111342713222
0.5351217189513575, 0.0860459730183545
0.5380801331699236, 0.08613340281396564
0.5410385473884896, 0.08622083260957678
0.5439989066525643, 0.08639569220079907
0.5469553758256218, 0.08639569220079907
0.5499137900441877, 0.0864831219964102
0.5528741493082625, 0.08665798158763248
0.5558325635268286, 0.08674541138324363
0.5587890326998861, 0.08674541138324363
0.5617493919639607, 0.08692027097446589
0.5647097512280352, 0.08709513056568818
0.5676662204010927, 0.08709513056568818
0.5706246346196588, 0.08718256036129932
0.5735830488382248, 0.08726999015691046
0.5765434081022995, 0.08744484974813274
0.579499877275357, 0.08744484974813274
0.5824582914939229, 0.08753227954374387
0.585416705712489, 0.08761970933935502
0.5883770649765636, 0.0877945689305773
0.5913335341496211, 0.0877945689305773
0.5942900033226786, 0.0877945689305773
0.5972484175412447, 0.08788199872618843
0.6002087768053193, 0.08805685831741072
0.6031671910238854, 0.08814428811302186
0.6061236601969429, 0.08814428811302186
0.6090801293700003, 0.08814428811302186
0.6120404886340749, 0.08831914770424414
0.614998902852641, 0.08840657749985528
0.6179573170712069, 0.08849400729546641
0.6209137862442644, 0.08849400729546641
0.6238702554173219, 0.08849400729546641
0.6268306146813967, 0.0886688668866887
0.6297870838544541, 0.0886688668866887
0.63274549807302, 0.08875629668229984
0.6357039122915862, 0.08884372647791097
0.6386603814646437, 0.08884372647791097
0.6416168506377011, 0.08884372647791097
0.6445772099017757, 0.08901858606913325
0.6475336790748332, 0.08901858606913325
0.6504901482478906, 0.08901858606913325
0.6534485624664568, 0.0891060158647444
0.6564069766850227, 0.08919344566035553
0.6593634458580802, 0.08919344566035553
0.6623199150311376, 0.08919344566035553
0.6652763842041951, 0.08919344566035553
0.6682347984227612, 0.08928087545596668
0.6711932126413271, 0.08936830525157782
0.6741496818143846, 0.08936830525157782
0.6771080960329507, 0.08945573504718896
0.6800665102515169, 0.08954316484280009
0.6830229794245744, 0.08954316484280009
0.6859794485976316, 0.08954316484280009
0.6889359177706891, 0.08954316484280009
0.6918923869437466, 0.08954316484280009
0.694848856116804, 0.08954316484280009
0.6978053252898615, 0.08954316484280009
0.7007637395084276, 0.08963059463841123
0.7037221537269938, 0.08971802443402238
0.7066786229000512, 0.08971802443402238
0.7096350920731085, 0.08971802443402238
0.712591561246166, 0.08971802443402238
0.7155480304192234, 0.08971802443402238
0.7185083896832982, 0.08989288402524465
0.7214648588563557, 0.08989288402524465
0.7244213280294132, 0.08989288402524465
0.7273777972024706, 0.08989288402524465
0.7303342663755281, 0.08989288402524465
0.7332907355485856, 0.08989288402524465
0.7362472047216428, 0.08989288402524465
0.7392036738947003, 0.08989288402524465
0.7421601430677578, 0.08989288402524465
0.7451166122408153, 0.08989288402524465
0.7480730814138727, 0.08989288402524465
0.7510295505869302, 0.08989288402524465
0.7539860197599877, 0.08989288402524465
0.7569424889330452, 0.08989288402524465
0.7598989581061026, 0.08989288402524465
0.7628554272791601, 0.08989288402524465
0.7658118964522176, 0.08989288402524465
0.7687683656252751, 0.08989288402524465
0.7717248347983325, 0.08989288402524465
0.77468130397139, 0.08989288402524465
0.7776377731444475, 0.08989288402524465
0.780594242317505, 0.08989288402524465
0.7835507114905622, 0.08989288402524465
0.7865071806636197, 0.08989288402524465
0.7894597597456601, 0.08971802443402238
0.7924162289187175, 0.08971802443402238
0.795372698091775, 0.08971802443402238
0.7983291672648325, 0.08971802443402238
0.80128563643789, 0.08971802443402238
0.8042401605654388, 0.08963059463841123
0.8071946846929876, 0.08954316484280009
0.8101511538660451, 0.08954316484280009
0.8131076230391026, 0.08954316484280009
0.81606409221216, 0.08954316484280009
0.8190205613852175, 0.08954316484280009
0.8219770305582748, 0.08954316484280009
0.8249334997313322, 0.08954316484280009
0.8278899689043897, 0.08954316484280009
0.8308425479864301, 0.08936830525157782
0.8337990171594876, 0.08936830525157782
0.836755486332545, 0.08936830525157782
0.8397080654145854, 0.08919344566035553
0.8426645345876429, 0.08919344566035553
0.8456210037607004, 0.08919344566035553
0.8485774729337578, 0.08919344566035553
0.8515339421068153, 0.08919344566035553
0.8544884662343641, 0.0891060158647444
0.857442990361913, 0.08901858606913325
0.8603994595349704, 0.08901858606913325
0.8633539836625193, 0.08893115627352212
0.8663085077900683, 0.08884372647791097
0.8692649769631255, 0.08884372647791097
0.872221446136183, 0.08884372647791097
0.8751740252182232, 0.0886688668866887
0.8781304943912807, 0.0886688668866887
0.8810869635643381, 0.0886688668866887
0.8840395426463785, 0.08849400729546641
0.886996011819436, 0.08849400729546641
0.8899524809924935, 0.08849400729546641
0.8929050600745339, 0.08831914770424414
0.8958615292475913, 0.08831914770424414
0.8988141083296315, 0.08814428811302186
0.901770577502689, 0.08814428811302186
0.9047270466757464, 0.08814428811302186
0.9076815708032953, 0.08805685831741072
0.9106360949308443, 0.08796942852179958
0.9135886740128845, 0.0877945689305773
0.9165451431859419, 0.0877945689305773
0.9195016123589992, 0.0877945689305773
0.9224541914410396, 0.08761970933935502
0.9254087155685884, 0.08753227954374387
0.9283632396961372, 0.08744484974813274
0.9313197088691947, 0.08744484974813274
0.9342722879512351, 0.08726999015691046
0.9372287571242925, 0.08726999015691046
0.9401813362063329, 0.08709513056568818
0.9431378053793904, 0.08709513056568818
0.9460923295069392, 0.08700770077007704
0.9490449085889796, 0.08683284117885476
0.9519994327165284, 0.08674541138324363
0.9549559018895859, 0.08674541138324363
0.9579084809716261, 0.08657055179202133
0.9608610600536664, 0.08639569220079907
0.9638175292267239, 0.08639569220079907
0.9667701083087641, 0.08622083260957678
0.9697246324363129, 0.08613340281396564
0.9726791565638617, 0.0860459730183545
0.9756336806914105, 0.08595854322274336
0.9785862597734509, 0.08578368363152108
0.9815407839009997, 0.08569625383590994
0.9844953080285488, 0.08560882404029879
0.987447887110589, 0.08543396444907653
0.9896632939448737, 0.08534653465346538